(kicad_pcb (version 20171130) (host pcbnew 5.1.3-ffb9f22~84~ubuntu18.04.1)

  (general
    (thickness 1.6)
    (drawings 36)
    (tracks 380)
    (zones 0)
    (modules 48)
    (nets 95)
  )

  (page A4)
  (title_block
    (title "Hack The Plane")
    (date 2019-07-24)
    (comment 4 "Author: Dan Allen")
  )

  (layers
    (0 F.Cu signal)
    (31 B.Cu signal)
    (32 B.Adhes user hide)
    (33 F.Adhes user hide)
    (34 B.Paste user hide)
    (35 F.Paste user hide)
    (36 B.SilkS user hide)
    (37 F.SilkS user hide)
    (38 B.Mask user hide)
    (39 F.Mask user hide)
    (40 Dwgs.User user hide)
    (41 Cmts.User user hide)
    (42 Eco1.User user hide)
    (43 Eco2.User user hide)
    (44 Edge.Cuts user)
    (45 Margin user hide)
    (46 B.CrtYd user hide)
    (47 F.CrtYd user hide)
    (48 B.Fab user)
    (49 F.Fab user)
  )

  (setup
    (last_trace_width 0.254)
    (user_trace_width 1.016)
    (trace_clearance 0.2)
    (zone_clearance 0.508)
    (zone_45_only no)
    (trace_min 0.2)
    (via_size 0.8)
    (via_drill 0.4)
    (via_min_size 0.4)
    (via_min_drill 0.3)
    (uvia_size 0.3)
    (uvia_drill 0.1)
    (uvias_allowed no)
    (uvia_min_size 0.2)
    (uvia_min_drill 0.1)
    (edge_width 0.05)
    (segment_width 0.2)
    (pcb_text_width 0.3)
    (pcb_text_size 1.5 1.5)
    (mod_edge_width 0.12)
    (mod_text_size 1 1)
    (mod_text_width 0.15)
    (pad_size 1.524 1.524)
    (pad_drill 0.762)
    (pad_to_mask_clearance 0.051)
    (solder_mask_min_width 0.25)
    (aux_axis_origin 0 0)
    (visible_elements FFFFEF7F)
    (pcbplotparams
      (layerselection 0x010f0_ffffffff)
      (usegerberextensions true)
      (usegerberattributes false)
      (usegerberadvancedattributes false)
      (creategerberjobfile false)
      (excludeedgelayer true)
      (linewidth 0.100000)
      (plotframeref false)
      (viasonmask false)
      (mode 1)
      (useauxorigin false)
      (hpglpennumber 1)
      (hpglpenspeed 20)
      (hpglpendiameter 15.000000)
      (psnegative false)
      (psa4output false)
      (plotreference true)
      (plotvalue false)
      (plotinvisibletext false)
      (padsonsilk false)
      (subtractmaskfromsilk true)
      (outputformat 1)
      (mirror false)
      (drillshape 0)
      (scaleselection 1)
      (outputdirectory "gerbers/"))
  )

  (net 0 "")
  (net 1 VCC)
  (net 2 GND)
  (net 3 "Net-(D1-Pad2)")
  (net 4 "Net-(D2-Pad2)")
  (net 5 "Net-(D3-Pad2)")
  (net 6 "Net-(D4-Pad2)")
  (net 7 "Net-(D5-Pad2)")
  (net 8 "Net-(D6-Pad2)")
  (net 9 "Net-(D7-Pad2)")
  (net 10 "Net-(D8-Pad2)")
  (net 11 "Net-(D9-Pad2)")
  (net 12 "Net-(J1-Pad1)")
  (net 13 "Net-(J1-Pad3)")
  (net 14 "Net-(J1-Pad4)")
  (net 15 "Net-(J1-Pad5)")
  (net 16 "Net-(J2-Pad2)")
  (net 17 "Net-(J2-Pad3)")
  (net 18 "Net-(J2-Pad4)")
  (net 19 "Net-(J2-Pad5)")
  (net 20 "Net-(J2-Pad6)")
  (net 21 "Net-(J2-Pad7)")
  (net 22 "Net-(J2-Pad8)")
  (net 23 "Net-(J2-Pad9)")
  (net 24 "Net-(J2-Pad10)")
  (net 25 "Net-(J4-Pad1)")
  (net 26 "Net-(J4-Pad3)")
  (net 27 "Net-(J4-Pad4)")
  (net 28 "Net-(J4-Pad5)")
  (net 29 "Net-(J5-Pad1)")
  (net 30 "Net-(J6-Pad5)")
  (net 31 "Net-(J6-Pad4)")
  (net 32 "Net-(J6-Pad3)")
  (net 33 "Net-(J6-Pad1)")
  (net 34 "Net-(J7-Pad1)")
  (net 35 "Net-(J8-Pad1)")
  (net 36 "Net-(J9-Pad2)")
  (net 37 "Net-(J9-Pad3)")
  (net 38 "Net-(R1-Pad1)")
  (net 39 "Net-(R2-Pad1)")
  (net 40 "Net-(R3-Pad1)")
  (net 41 "Net-(R6-Pad1)")
  (net 42 "Net-(R7-Pad1)")
  (net 43 "Net-(R8-Pad1)")
  (net 44 "Net-(R9-Pad1)")
  (net 45 "Net-(R10-Pad1)")
  (net 46 "Net-(R11-Pad1)")
  (net 47 "Net-(R12-Pad1)")
  (net 48 "Net-(R13-Pad1)")
  (net 49 "Net-(R14-Pad1)")
  (net 50 "Net-(U1-Pad4)")
  (net 51 "Net-(U1-Pad6)")
  (net 52 "Net-(U1-Pad13)")
  (net 53 "Net-(U1-Pad14)")
  (net 54 "Net-(U1-Pad15)")
  (net 55 "Net-(U1-Pad20)")
  (net 56 "Net-(U1-Pad21)")
  (net 57 "Net-(U1-Pad23)")
  (net 58 "Net-(U1-Pad24)")
  (net 59 "Net-(U1-Pad25)")
  (net 60 "Net-(U1-Pad26)")
  (net 61 "Net-(U2-Pad4)")
  (net 62 "Net-(U2-Pad6)")
  (net 63 "Net-(U2-Pad13)")
  (net 64 "Net-(U2-Pad14)")
  (net 65 "Net-(U2-Pad15)")
  (net 66 "Net-(U2-Pad20)")
  (net 67 "Net-(U2-Pad21)")
  (net 68 "Net-(U2-Pad23)")
  (net 69 "Net-(U2-Pad24)")
  (net 70 "Net-(U2-Pad25)")
  (net 71 "Net-(U2-Pad26)")
  (net 72 "Net-(U3-Pad26)")
  (net 73 "Net-(U3-Pad25)")
  (net 74 "Net-(U3-Pad24)")
  (net 75 "Net-(U3-Pad23)")
  (net 76 "Net-(U3-Pad21)")
  (net 77 "Net-(U3-Pad20)")
  (net 78 "Net-(U3-Pad15)")
  (net 79 "Net-(U3-Pad14)")
  (net 80 "Net-(U3-Pad13)")
  (net 81 "Net-(U3-Pad6)")
  (net 82 "Net-(U3-Pad4)")
  (net 83 "Net-(J10-Pad1)")
  (net 84 "Net-(J10-Pad2)")
  (net 85 "Net-(J10-Pad3)")
  (net 86 "Net-(J10-Pad4)")
  (net 87 "Net-(J10-Pad5)")
  (net 88 "Net-(J10-Pad6)")
  (net 89 "Net-(C4-Pad1)")
  (net 90 "Net-(C5-Pad1)")
  (net 91 "Net-(C6-Pad1)")
  (net 92 "Net-(C7-Pad1)")
  (net 93 "Net-(C8-Pad1)")
  (net 94 "Net-(C9-Pad1)")

  (net_class Default "This is the default net class."
    (clearance 0.2)
    (trace_width 0.254)
    (via_dia 0.8)
    (via_drill 0.4)
    (uvia_dia 0.3)
    (uvia_drill 0.1)
    (add_net GND)
    (add_net "Net-(C4-Pad1)")
    (add_net "Net-(C5-Pad1)")
    (add_net "Net-(C6-Pad1)")
    (add_net "Net-(C7-Pad1)")
    (add_net "Net-(C8-Pad1)")
    (add_net "Net-(C9-Pad1)")
    (add_net "Net-(D1-Pad2)")
    (add_net "Net-(D2-Pad2)")
    (add_net "Net-(D3-Pad2)")
    (add_net "Net-(D4-Pad2)")
    (add_net "Net-(D5-Pad2)")
    (add_net "Net-(D6-Pad2)")
    (add_net "Net-(D7-Pad2)")
    (add_net "Net-(D8-Pad2)")
    (add_net "Net-(D9-Pad2)")
    (add_net "Net-(J1-Pad1)")
    (add_net "Net-(J1-Pad3)")
    (add_net "Net-(J1-Pad4)")
    (add_net "Net-(J1-Pad5)")
    (add_net "Net-(J10-Pad1)")
    (add_net "Net-(J10-Pad2)")
    (add_net "Net-(J10-Pad3)")
    (add_net "Net-(J10-Pad4)")
    (add_net "Net-(J10-Pad5)")
    (add_net "Net-(J10-Pad6)")
    (add_net "Net-(J2-Pad10)")
    (add_net "Net-(J2-Pad2)")
    (add_net "Net-(J2-Pad3)")
    (add_net "Net-(J2-Pad4)")
    (add_net "Net-(J2-Pad5)")
    (add_net "Net-(J2-Pad6)")
    (add_net "Net-(J2-Pad7)")
    (add_net "Net-(J2-Pad8)")
    (add_net "Net-(J2-Pad9)")
    (add_net "Net-(J4-Pad1)")
    (add_net "Net-(J4-Pad3)")
    (add_net "Net-(J4-Pad4)")
    (add_net "Net-(J4-Pad5)")
    (add_net "Net-(J5-Pad1)")
    (add_net "Net-(J6-Pad1)")
    (add_net "Net-(J6-Pad3)")
    (add_net "Net-(J6-Pad4)")
    (add_net "Net-(J6-Pad5)")
    (add_net "Net-(J7-Pad1)")
    (add_net "Net-(J8-Pad1)")
    (add_net "Net-(J9-Pad2)")
    (add_net "Net-(J9-Pad3)")
    (add_net "Net-(R1-Pad1)")
    (add_net "Net-(R10-Pad1)")
    (add_net "Net-(R11-Pad1)")
    (add_net "Net-(R12-Pad1)")
    (add_net "Net-(R13-Pad1)")
    (add_net "Net-(R14-Pad1)")
    (add_net "Net-(R2-Pad1)")
    (add_net "Net-(R3-Pad1)")
    (add_net "Net-(R6-Pad1)")
    (add_net "Net-(R7-Pad1)")
    (add_net "Net-(R8-Pad1)")
    (add_net "Net-(R9-Pad1)")
    (add_net "Net-(U1-Pad13)")
    (add_net "Net-(U1-Pad14)")
    (add_net "Net-(U1-Pad15)")
    (add_net "Net-(U1-Pad20)")
    (add_net "Net-(U1-Pad21)")
    (add_net "Net-(U1-Pad23)")
    (add_net "Net-(U1-Pad24)")
    (add_net "Net-(U1-Pad25)")
    (add_net "Net-(U1-Pad26)")
    (add_net "Net-(U1-Pad4)")
    (add_net "Net-(U1-Pad6)")
    (add_net "Net-(U2-Pad13)")
    (add_net "Net-(U2-Pad14)")
    (add_net "Net-(U2-Pad15)")
    (add_net "Net-(U2-Pad20)")
    (add_net "Net-(U2-Pad21)")
    (add_net "Net-(U2-Pad23)")
    (add_net "Net-(U2-Pad24)")
    (add_net "Net-(U2-Pad25)")
    (add_net "Net-(U2-Pad26)")
    (add_net "Net-(U2-Pad4)")
    (add_net "Net-(U2-Pad6)")
    (add_net "Net-(U3-Pad13)")
    (add_net "Net-(U3-Pad14)")
    (add_net "Net-(U3-Pad15)")
    (add_net "Net-(U3-Pad20)")
    (add_net "Net-(U3-Pad21)")
    (add_net "Net-(U3-Pad23)")
    (add_net "Net-(U3-Pad24)")
    (add_net "Net-(U3-Pad25)")
    (add_net "Net-(U3-Pad26)")
    (add_net "Net-(U3-Pad4)")
    (add_net "Net-(U3-Pad6)")
    (add_net VCC)
  )

  (module LEDs:LED_D3.0mm (layer F.Cu) (tedit 587A3A7B) (tstamp 5D39260E)
    (at 92.71 72.39)
    (descr "LED, diameter 3.0mm, 2 pins")
    (tags "LED diameter 3.0mm 2 pins")
    (path /5D39608A)
    (fp_text reference D8 (at 1.27 -2.96) (layer F.SilkS)
      (effects (font (size 1 1) (thickness 0.15)))
    )
    (fp_text value LED (at 1.27 2.96) (layer F.Fab)
      (effects (font (size 1 1) (thickness 0.15)))
    )
    (fp_line (start 3.7 -2.25) (end -1.15 -2.25) (layer F.CrtYd) (width 0.05))
    (fp_line (start 3.7 2.25) (end 3.7 -2.25) (layer F.CrtYd) (width 0.05))
    (fp_line (start -1.15 2.25) (end 3.7 2.25) (layer F.CrtYd) (width 0.05))
    (fp_line (start -1.15 -2.25) (end -1.15 2.25) (layer F.CrtYd) (width 0.05))
    (fp_line (start -0.29 1.08) (end -0.29 1.236) (layer F.SilkS) (width 0.12))
    (fp_line (start -0.29 -1.236) (end -0.29 -1.08) (layer F.SilkS) (width 0.12))
    (fp_line (start -0.23 -1.16619) (end -0.23 1.16619) (layer F.Fab) (width 0.1))
    (fp_circle (center 1.27 0) (end 2.77 0) (layer F.Fab) (width 0.1))
    (fp_arc (start 1.27 0) (end 0.229039 1.08) (angle -87.9) (layer F.SilkS) (width 0.12))
    (fp_arc (start 1.27 0) (end 0.229039 -1.08) (angle 87.9) (layer F.SilkS) (width 0.12))
    (fp_arc (start 1.27 0) (end -0.29 1.235516) (angle -108.8) (layer F.SilkS) (width 0.12))
    (fp_arc (start 1.27 0) (end -0.29 -1.235516) (angle 108.8) (layer F.SilkS) (width 0.12))
    (fp_arc (start 1.27 0) (end -0.23 -1.16619) (angle 284.3) (layer F.Fab) (width 0.1))
    (pad 2 thru_hole circle (at 2.54 0) (size 1.8 1.8) (drill 0.9) (layers *.Cu *.Mask)
      (net 10 "Net-(D8-Pad2)"))
    (pad 1 thru_hole rect (at 0 0) (size 1.8 1.8) (drill 0.9) (layers *.Cu *.Mask)
      (net 2 GND))
    (model ${KISYS3DMOD}/LED_THT.3dshapes/LED_D3.0mm.wrl
      (at (xyz 0 0 0))
      (scale (xyz 1 1 1))
      (rotate (xyz 0 0 0))
    )
  )

  (module DigiKey:DIP-28_W7.62mm (layer F.Cu) (tedit 59C2773E) (tstamp 5D392895)
    (at 142.24 64.77)
    (descr http://www.digikey.com/products/en?formaction=on&lang=en&site=us&KeyWords=296-1956-5-ND)
    (path /5D3762D5)
    (fp_text reference U1 (at 4.05 -3.81) (layer F.SilkS)
      (effects (font (size 1 1) (thickness 0.15)))
    )
    (fp_text value ATmega328P-PU (at 3.76 35.65) (layer F.Fab)
      (effects (font (size 1 1) (thickness 0.15)))
    )
    (fp_line (start 7.3 34.19) (end 7.3 34.59) (layer F.SilkS) (width 0.1))
    (fp_line (start 7.3 34.59) (end 6.8 34.59) (layer F.SilkS) (width 0.1))
    (fp_line (start 0.3 34.19) (end 0.3 34.59) (layer F.SilkS) (width 0.1))
    (fp_line (start 0.3 34.59) (end 0.7 34.59) (layer F.SilkS) (width 0.1))
    (fp_line (start -1.05 34.65) (end 8.68 34.65) (layer F.CrtYd) (width 0.05))
    (fp_line (start -1.05 -2.94) (end 8.67 -2.94) (layer F.CrtYd) (width 0.05))
    (fp_line (start 8.67 -2.94) (end 8.68 34.65) (layer F.CrtYd) (width 0.05))
    (fp_line (start -1.05 -2.94) (end -1.05 34.65) (layer F.CrtYd) (width 0.05))
    (fp_line (start 0.2 -1.1) (end -0.6 -1.1) (layer F.SilkS) (width 0.1))
    (fp_line (start 1.7 -2.9) (end 1.2 -2.9) (layer F.SilkS) (width 0.1))
    (fp_line (start 1.2 -2.9) (end 0.2 -1.9) (layer F.SilkS) (width 0.1))
    (fp_line (start 0.2 -1.9) (end 0.2 -1.1) (layer F.SilkS) (width 0.1))
    (fp_line (start 0.48 34.4) (end 7.08 34.4) (layer F.Fab) (width 0.1))
    (fp_text user REF** (at 3.63 12.31) (layer F.Fab)
      (effects (font (size 1 1) (thickness 0.1)))
    )
    (fp_line (start 7.28 -2.5) (end 7.28 -2.9) (layer F.SilkS) (width 0.1))
    (fp_line (start 7.28 -2.9) (end 6.88 -2.9) (layer F.SilkS) (width 0.1))
    (fp_line (start 0.48 -1.79) (end 0.48 34.4) (layer F.Fab) (width 0.1))
    (fp_line (start 1.38 -2.69) (end 7.08 -2.69) (layer F.Fab) (width 0.1))
    (fp_line (start 0.48 -1.79) (end 1.38 -2.69) (layer F.Fab) (width 0.1))
    (fp_line (start 7.08 -2.69) (end 7.08 34.4) (layer F.Fab) (width 0.1))
    (pad 1 thru_hole rect (at 0 0) (size 1.6 1.6) (drill 1) (layers *.Cu *.Mask)
      (net 15 "Net-(J1-Pad5)"))
    (pad 2 thru_hole circle (at 0 2.54) (size 1.6 1.6) (drill 1) (layers *.Cu *.Mask)
      (net 83 "Net-(J10-Pad1)"))
    (pad 3 thru_hole circle (at 0 5.08) (size 1.6 1.6) (drill 1) (layers *.Cu *.Mask)
      (net 84 "Net-(J10-Pad2)"))
    (pad 4 thru_hole circle (at 0 7.62) (size 1.6 1.6) (drill 1) (layers *.Cu *.Mask)
      (net 50 "Net-(U1-Pad4)"))
    (pad 5 thru_hole circle (at 0 10.16) (size 1.6 1.6) (drill 1) (layers *.Cu *.Mask)
      (net 38 "Net-(R1-Pad1)"))
    (pad 6 thru_hole circle (at 0 12.7) (size 1.6 1.6) (drill 1) (layers *.Cu *.Mask)
      (net 51 "Net-(U1-Pad6)"))
    (pad 7 thru_hole circle (at 0 15.24) (size 1.6 1.6) (drill 1) (layers *.Cu *.Mask)
      (net 1 VCC))
    (pad 8 thru_hole circle (at 0 17.78) (size 1.6 1.6) (drill 1) (layers *.Cu *.Mask)
      (net 2 GND))
    (pad 9 thru_hole circle (at 0 20.32) (size 1.6 1.6) (drill 1) (layers *.Cu *.Mask)
      (net 90 "Net-(C5-Pad1)"))
    (pad 10 thru_hole circle (at 0 22.86) (size 1.6 1.6) (drill 1) (layers *.Cu *.Mask)
      (net 89 "Net-(C4-Pad1)"))
    (pad 11 thru_hole circle (at 0 25.4) (size 1.6 1.6) (drill 1) (layers *.Cu *.Mask)
      (net 39 "Net-(R2-Pad1)"))
    (pad 12 thru_hole circle (at 0 27.94) (size 1.6 1.6) (drill 1) (layers *.Cu *.Mask)
      (net 40 "Net-(R3-Pad1)"))
    (pad 13 thru_hole circle (at 0 30.48) (size 1.6 1.6) (drill 1) (layers *.Cu *.Mask)
      (net 52 "Net-(U1-Pad13)"))
    (pad 14 thru_hole circle (at 0 33.02) (size 1.6 1.6) (drill 1) (layers *.Cu *.Mask)
      (net 53 "Net-(U1-Pad14)"))
    (pad 15 thru_hole circle (at 7.62 33.02) (size 1.6 1.6) (drill 1) (layers *.Cu *.Mask)
      (net 54 "Net-(U1-Pad15)"))
    (pad 16 thru_hole circle (at 7.62 30.48) (size 1.6 1.6) (drill 1) (layers *.Cu *.Mask)
      (net 48 "Net-(R13-Pad1)"))
    (pad 17 thru_hole circle (at 7.62 27.94) (size 1.6 1.6) (drill 1) (layers *.Cu *.Mask)
      (net 14 "Net-(J1-Pad4)"))
    (pad 18 thru_hole circle (at 7.62 25.4) (size 1.6 1.6) (drill 1) (layers *.Cu *.Mask)
      (net 12 "Net-(J1-Pad1)"))
    (pad 19 thru_hole circle (at 7.62 22.86) (size 1.6 1.6) (drill 1) (layers *.Cu *.Mask)
      (net 13 "Net-(J1-Pad3)"))
    (pad 20 thru_hole circle (at 7.62 20.32) (size 1.6 1.6) (drill 1) (layers *.Cu *.Mask)
      (net 55 "Net-(U1-Pad20)"))
    (pad 21 thru_hole circle (at 7.62 17.78) (size 1.6 1.6) (drill 1) (layers *.Cu *.Mask)
      (net 56 "Net-(U1-Pad21)"))
    (pad 22 thru_hole circle (at 7.62 15.24) (size 1.6 1.6) (drill 1) (layers *.Cu *.Mask)
      (net 2 GND))
    (pad 23 thru_hole circle (at 7.62 12.7) (size 1.6 1.6) (drill 1) (layers *.Cu *.Mask)
      (net 57 "Net-(U1-Pad23)"))
    (pad 24 thru_hole circle (at 7.62 10.16) (size 1.6 1.6) (drill 1) (layers *.Cu *.Mask)
      (net 58 "Net-(U1-Pad24)"))
    (pad 25 thru_hole circle (at 7.62 7.62) (size 1.6 1.6) (drill 1) (layers *.Cu *.Mask)
      (net 59 "Net-(U1-Pad25)"))
    (pad 26 thru_hole circle (at 7.62 5.08) (size 1.6 1.6) (drill 1) (layers *.Cu *.Mask)
      (net 60 "Net-(U1-Pad26)"))
    (pad 27 thru_hole circle (at 7.62 2.54) (size 1.6 1.6) (drill 1) (layers *.Cu *.Mask)
      (net 22 "Net-(J2-Pad8)"))
    (pad 28 thru_hole circle (at 7.62 0) (size 1.6 1.6) (drill 1) (layers *.Cu *.Mask)
      (net 21 "Net-(J2-Pad7)"))
  )

  (module Capacitors_THT:C_Axial_L3.8mm_D2.6mm_P7.50mm_Horizontal (layer F.Cu) (tedit 5AE50EF0) (tstamp 5D392548)
    (at 132.08 78.62 90)
    (descr "C, Axial series, Axial, Horizontal, pin pitch=7.5mm, , length*diameter=3.8*2.6mm^2, http://www.vishay.com/docs/45231/arseries.pdf")
    (tags "C Axial series Axial Horizontal pin pitch 7.5mm  length 3.8mm diameter 2.6mm")
    (path /5D43BA92)
    (fp_text reference C1 (at 3.75 -2.42 90) (layer F.SilkS)
      (effects (font (size 1 1) (thickness 0.15)))
    )
    (fp_text value .1uF (at 3.75 2.42 90) (layer F.Fab)
      (effects (font (size 1 1) (thickness 0.15)))
    )
    (fp_line (start 1.85 -1.3) (end 1.85 1.3) (layer F.Fab) (width 0.1))
    (fp_line (start 1.85 1.3) (end 5.65 1.3) (layer F.Fab) (width 0.1))
    (fp_line (start 5.65 1.3) (end 5.65 -1.3) (layer F.Fab) (width 0.1))
    (fp_line (start 5.65 -1.3) (end 1.85 -1.3) (layer F.Fab) (width 0.1))
    (fp_line (start 0 0) (end 1.85 0) (layer F.Fab) (width 0.1))
    (fp_line (start 7.5 0) (end 5.65 0) (layer F.Fab) (width 0.1))
    (fp_line (start 1.73 -1.42) (end 1.73 1.42) (layer F.SilkS) (width 0.12))
    (fp_line (start 1.73 1.42) (end 5.77 1.42) (layer F.SilkS) (width 0.12))
    (fp_line (start 5.77 1.42) (end 5.77 -1.42) (layer F.SilkS) (width 0.12))
    (fp_line (start 5.77 -1.42) (end 1.73 -1.42) (layer F.SilkS) (width 0.12))
    (fp_line (start 1.04 0) (end 1.73 0) (layer F.SilkS) (width 0.12))
    (fp_line (start 6.46 0) (end 5.77 0) (layer F.SilkS) (width 0.12))
    (fp_line (start -1.05 -1.55) (end -1.05 1.55) (layer F.CrtYd) (width 0.05))
    (fp_line (start -1.05 1.55) (end 8.55 1.55) (layer F.CrtYd) (width 0.05))
    (fp_line (start 8.55 1.55) (end 8.55 -1.55) (layer F.CrtYd) (width 0.05))
    (fp_line (start 8.55 -1.55) (end -1.05 -1.55) (layer F.CrtYd) (width 0.05))
    (fp_text user %R (at 3.75 0 90) (layer F.Fab)
      (effects (font (size 0.76 0.76) (thickness 0.114)))
    )
    (pad 1 thru_hole circle (at 0 0 90) (size 1.6 1.6) (drill 0.8) (layers *.Cu *.Mask)
      (net 2 GND))
    (pad 2 thru_hole oval (at 7.5 0 90) (size 1.6 1.6) (drill 0.8) (layers *.Cu *.Mask)
      (net 1 VCC))
    (model ${KISYS3DMOD}/Capacitor_THT.3dshapes/C_Axial_L3.8mm_D2.6mm_P7.50mm_Horizontal.wrl
      (at (xyz 0 0 0))
      (scale (xyz 1 1 1))
      (rotate (xyz 0 0 0))
    )
  )

  (module Capacitors_THT:C_Axial_L3.8mm_D2.6mm_P7.50mm_Horizontal (layer F.Cu) (tedit 5AE50EF0) (tstamp 5D39255F)
    (at 110.49 78.62 90)
    (descr "C, Axial series, Axial, Horizontal, pin pitch=7.5mm, , length*diameter=3.8*2.6mm^2, http://www.vishay.com/docs/45231/arseries.pdf")
    (tags "C Axial series Axial Horizontal pin pitch 7.5mm  length 3.8mm diameter 2.6mm")
    (path /5D43F3E0)
    (fp_text reference C2 (at 3.75 -2.42 90) (layer F.SilkS)
      (effects (font (size 1 1) (thickness 0.15)))
    )
    (fp_text value .1uF (at 3.75 2.42 90) (layer F.Fab)
      (effects (font (size 1 1) (thickness 0.15)))
    )
    (fp_text user %R (at 3.75 0 90) (layer F.Fab)
      (effects (font (size 0.76 0.76) (thickness 0.114)))
    )
    (fp_line (start 8.55 -1.55) (end -1.05 -1.55) (layer F.CrtYd) (width 0.05))
    (fp_line (start 8.55 1.55) (end 8.55 -1.55) (layer F.CrtYd) (width 0.05))
    (fp_line (start -1.05 1.55) (end 8.55 1.55) (layer F.CrtYd) (width 0.05))
    (fp_line (start -1.05 -1.55) (end -1.05 1.55) (layer F.CrtYd) (width 0.05))
    (fp_line (start 6.46 0) (end 5.77 0) (layer F.SilkS) (width 0.12))
    (fp_line (start 1.04 0) (end 1.73 0) (layer F.SilkS) (width 0.12))
    (fp_line (start 5.77 -1.42) (end 1.73 -1.42) (layer F.SilkS) (width 0.12))
    (fp_line (start 5.77 1.42) (end 5.77 -1.42) (layer F.SilkS) (width 0.12))
    (fp_line (start 1.73 1.42) (end 5.77 1.42) (layer F.SilkS) (width 0.12))
    (fp_line (start 1.73 -1.42) (end 1.73 1.42) (layer F.SilkS) (width 0.12))
    (fp_line (start 7.5 0) (end 5.65 0) (layer F.Fab) (width 0.1))
    (fp_line (start 0 0) (end 1.85 0) (layer F.Fab) (width 0.1))
    (fp_line (start 5.65 -1.3) (end 1.85 -1.3) (layer F.Fab) (width 0.1))
    (fp_line (start 5.65 1.3) (end 5.65 -1.3) (layer F.Fab) (width 0.1))
    (fp_line (start 1.85 1.3) (end 5.65 1.3) (layer F.Fab) (width 0.1))
    (fp_line (start 1.85 -1.3) (end 1.85 1.3) (layer F.Fab) (width 0.1))
    (pad 2 thru_hole oval (at 7.5 0 90) (size 1.6 1.6) (drill 0.8) (layers *.Cu *.Mask)
      (net 1 VCC))
    (pad 1 thru_hole circle (at 0 0 90) (size 1.6 1.6) (drill 0.8) (layers *.Cu *.Mask)
      (net 2 GND))
    (model ${KISYS3DMOD}/Capacitor_THT.3dshapes/C_Axial_L3.8mm_D2.6mm_P7.50mm_Horizontal.wrl
      (at (xyz 0 0 0))
      (scale (xyz 1 1 1))
      (rotate (xyz 0 0 0))
    )
  )

  (module Capacitors_THT:C_Axial_L3.8mm_D2.6mm_P7.50mm_Horizontal (layer F.Cu) (tedit 5AE50EF0) (tstamp 5D392576)
    (at 88.9 71.12 270)
    (descr "C, Axial series, Axial, Horizontal, pin pitch=7.5mm, , length*diameter=3.8*2.6mm^2, http://www.vishay.com/docs/45231/arseries.pdf")
    (tags "C Axial series Axial Horizontal pin pitch 7.5mm  length 3.8mm diameter 2.6mm")
    (path /5D4400F8)
    (fp_text reference C3 (at 3.75 -2.42 90) (layer F.SilkS)
      (effects (font (size 1 1) (thickness 0.15)))
    )
    (fp_text value .1uF (at 3.75 2.42 90) (layer F.Fab)
      (effects (font (size 1 1) (thickness 0.15)))
    )
    (fp_line (start 1.85 -1.3) (end 1.85 1.3) (layer F.Fab) (width 0.1))
    (fp_line (start 1.85 1.3) (end 5.65 1.3) (layer F.Fab) (width 0.1))
    (fp_line (start 5.65 1.3) (end 5.65 -1.3) (layer F.Fab) (width 0.1))
    (fp_line (start 5.65 -1.3) (end 1.85 -1.3) (layer F.Fab) (width 0.1))
    (fp_line (start 0 0) (end 1.85 0) (layer F.Fab) (width 0.1))
    (fp_line (start 7.5 0) (end 5.65 0) (layer F.Fab) (width 0.1))
    (fp_line (start 1.73 -1.42) (end 1.73 1.42) (layer F.SilkS) (width 0.12))
    (fp_line (start 1.73 1.42) (end 5.77 1.42) (layer F.SilkS) (width 0.12))
    (fp_line (start 5.77 1.42) (end 5.77 -1.42) (layer F.SilkS) (width 0.12))
    (fp_line (start 5.77 -1.42) (end 1.73 -1.42) (layer F.SilkS) (width 0.12))
    (fp_line (start 1.04 0) (end 1.73 0) (layer F.SilkS) (width 0.12))
    (fp_line (start 6.46 0) (end 5.77 0) (layer F.SilkS) (width 0.12))
    (fp_line (start -1.05 -1.55) (end -1.05 1.55) (layer F.CrtYd) (width 0.05))
    (fp_line (start -1.05 1.55) (end 8.55 1.55) (layer F.CrtYd) (width 0.05))
    (fp_line (start 8.55 1.55) (end 8.55 -1.55) (layer F.CrtYd) (width 0.05))
    (fp_line (start 8.55 -1.55) (end -1.05 -1.55) (layer F.CrtYd) (width 0.05))
    (fp_text user %R (at 3.75 0 90) (layer F.Fab)
      (effects (font (size 0.76 0.76) (thickness 0.114)))
    )
    (pad 1 thru_hole circle (at 0 0 270) (size 1.6 1.6) (drill 0.8) (layers *.Cu *.Mask)
      (net 2 GND))
    (pad 2 thru_hole oval (at 7.5 0 270) (size 1.6 1.6) (drill 0.8) (layers *.Cu *.Mask)
      (net 1 VCC))
    (model ${KISYS3DMOD}/Capacitor_THT.3dshapes/C_Axial_L3.8mm_D2.6mm_P7.50mm_Horizontal.wrl
      (at (xyz 0 0 0))
      (scale (xyz 1 1 1))
      (rotate (xyz 0 0 0))
    )
  )

  (module LEDs:LED_D3.0mm (layer F.Cu) (tedit 587A3A7B) (tstamp 5D392589)
    (at 135.89 66.04)
    (descr "LED, diameter 3.0mm, 2 pins")
    (tags "LED diameter 3.0mm 2 pins")
    (path /5D39314A)
    (fp_text reference D1 (at 1.27 -2.96) (layer F.SilkS)
      (effects (font (size 1 1) (thickness 0.15)))
    )
    (fp_text value LED (at 1.27 2.96) (layer F.Fab)
      (effects (font (size 1 1) (thickness 0.15)))
    )
    (fp_arc (start 1.27 0) (end -0.23 -1.16619) (angle 284.3) (layer F.Fab) (width 0.1))
    (fp_arc (start 1.27 0) (end -0.29 -1.235516) (angle 108.8) (layer F.SilkS) (width 0.12))
    (fp_arc (start 1.27 0) (end -0.29 1.235516) (angle -108.8) (layer F.SilkS) (width 0.12))
    (fp_arc (start 1.27 0) (end 0.229039 -1.08) (angle 87.9) (layer F.SilkS) (width 0.12))
    (fp_arc (start 1.27 0) (end 0.229039 1.08) (angle -87.9) (layer F.SilkS) (width 0.12))
    (fp_circle (center 1.27 0) (end 2.77 0) (layer F.Fab) (width 0.1))
    (fp_line (start -0.23 -1.16619) (end -0.23 1.16619) (layer F.Fab) (width 0.1))
    (fp_line (start -0.29 -1.236) (end -0.29 -1.08) (layer F.SilkS) (width 0.12))
    (fp_line (start -0.29 1.08) (end -0.29 1.236) (layer F.SilkS) (width 0.12))
    (fp_line (start -1.15 -2.25) (end -1.15 2.25) (layer F.CrtYd) (width 0.05))
    (fp_line (start -1.15 2.25) (end 3.7 2.25) (layer F.CrtYd) (width 0.05))
    (fp_line (start 3.7 2.25) (end 3.7 -2.25) (layer F.CrtYd) (width 0.05))
    (fp_line (start 3.7 -2.25) (end -1.15 -2.25) (layer F.CrtYd) (width 0.05))
    (pad 1 thru_hole rect (at 0 0) (size 1.8 1.8) (drill 0.9) (layers *.Cu *.Mask)
      (net 2 GND))
    (pad 2 thru_hole circle (at 2.54 0) (size 1.8 1.8) (drill 0.9) (layers *.Cu *.Mask)
      (net 3 "Net-(D1-Pad2)"))
    (model ${KISYS3DMOD}/LED_THT.3dshapes/LED_D3.0mm.wrl
      (at (xyz 0 0 0))
      (scale (xyz 1 1 1))
      (rotate (xyz 0 0 0))
    )
  )

  (module LEDs:LED_D3.0mm (layer F.Cu) (tedit 587A3A7B) (tstamp 5D39259C)
    (at 135.89 72.39)
    (descr "LED, diameter 3.0mm, 2 pins")
    (tags "LED diameter 3.0mm 2 pins")
    (path /5D393501)
    (fp_text reference D2 (at 1.27 -2.96) (layer F.SilkS)
      (effects (font (size 1 1) (thickness 0.15)))
    )
    (fp_text value LED (at 1.27 2.96) (layer F.Fab)
      (effects (font (size 1 1) (thickness 0.15)))
    )
    (fp_line (start 3.7 -2.25) (end -1.15 -2.25) (layer F.CrtYd) (width 0.05))
    (fp_line (start 3.7 2.25) (end 3.7 -2.25) (layer F.CrtYd) (width 0.05))
    (fp_line (start -1.15 2.25) (end 3.7 2.25) (layer F.CrtYd) (width 0.05))
    (fp_line (start -1.15 -2.25) (end -1.15 2.25) (layer F.CrtYd) (width 0.05))
    (fp_line (start -0.29 1.08) (end -0.29 1.236) (layer F.SilkS) (width 0.12))
    (fp_line (start -0.29 -1.236) (end -0.29 -1.08) (layer F.SilkS) (width 0.12))
    (fp_line (start -0.23 -1.16619) (end -0.23 1.16619) (layer F.Fab) (width 0.1))
    (fp_circle (center 1.27 0) (end 2.77 0) (layer F.Fab) (width 0.1))
    (fp_arc (start 1.27 0) (end 0.229039 1.08) (angle -87.9) (layer F.SilkS) (width 0.12))
    (fp_arc (start 1.27 0) (end 0.229039 -1.08) (angle 87.9) (layer F.SilkS) (width 0.12))
    (fp_arc (start 1.27 0) (end -0.29 1.235516) (angle -108.8) (layer F.SilkS) (width 0.12))
    (fp_arc (start 1.27 0) (end -0.29 -1.235516) (angle 108.8) (layer F.SilkS) (width 0.12))
    (fp_arc (start 1.27 0) (end -0.23 -1.16619) (angle 284.3) (layer F.Fab) (width 0.1))
    (pad 2 thru_hole circle (at 2.54 0) (size 1.8 1.8) (drill 0.9) (layers *.Cu *.Mask)
      (net 4 "Net-(D2-Pad2)"))
    (pad 1 thru_hole rect (at 0 0) (size 1.8 1.8) (drill 0.9) (layers *.Cu *.Mask)
      (net 2 GND))
    (model ${KISYS3DMOD}/LED_THT.3dshapes/LED_D3.0mm.wrl
      (at (xyz 0 0 0))
      (scale (xyz 1 1 1))
      (rotate (xyz 0 0 0))
    )
  )

  (module LEDs:LED_D3.0mm (layer F.Cu) (tedit 587A3A7B) (tstamp 5D3925AF)
    (at 135.89 78.74)
    (descr "LED, diameter 3.0mm, 2 pins")
    (tags "LED diameter 3.0mm 2 pins")
    (path /5D393AEE)
    (fp_text reference D3 (at 1.27 -2.96) (layer F.SilkS)
      (effects (font (size 1 1) (thickness 0.15)))
    )
    (fp_text value LED (at 1.27 2.96) (layer F.Fab)
      (effects (font (size 1 1) (thickness 0.15)))
    )
    (fp_arc (start 1.27 0) (end -0.23 -1.16619) (angle 284.3) (layer F.Fab) (width 0.1))
    (fp_arc (start 1.27 0) (end -0.29 -1.235516) (angle 108.8) (layer F.SilkS) (width 0.12))
    (fp_arc (start 1.27 0) (end -0.29 1.235516) (angle -108.8) (layer F.SilkS) (width 0.12))
    (fp_arc (start 1.27 0) (end 0.229039 -1.08) (angle 87.9) (layer F.SilkS) (width 0.12))
    (fp_arc (start 1.27 0) (end 0.229039 1.08) (angle -87.9) (layer F.SilkS) (width 0.12))
    (fp_circle (center 1.27 0) (end 2.77 0) (layer F.Fab) (width 0.1))
    (fp_line (start -0.23 -1.16619) (end -0.23 1.16619) (layer F.Fab) (width 0.1))
    (fp_line (start -0.29 -1.236) (end -0.29 -1.08) (layer F.SilkS) (width 0.12))
    (fp_line (start -0.29 1.08) (end -0.29 1.236) (layer F.SilkS) (width 0.12))
    (fp_line (start -1.15 -2.25) (end -1.15 2.25) (layer F.CrtYd) (width 0.05))
    (fp_line (start -1.15 2.25) (end 3.7 2.25) (layer F.CrtYd) (width 0.05))
    (fp_line (start 3.7 2.25) (end 3.7 -2.25) (layer F.CrtYd) (width 0.05))
    (fp_line (start 3.7 -2.25) (end -1.15 -2.25) (layer F.CrtYd) (width 0.05))
    (pad 1 thru_hole rect (at 0 0) (size 1.8 1.8) (drill 0.9) (layers *.Cu *.Mask)
      (net 2 GND))
    (pad 2 thru_hole circle (at 2.54 0) (size 1.8 1.8) (drill 0.9) (layers *.Cu *.Mask)
      (net 5 "Net-(D3-Pad2)"))
    (model ${KISYS3DMOD}/LED_THT.3dshapes/LED_D3.0mm.wrl
      (at (xyz 0 0 0))
      (scale (xyz 1 1 1))
      (rotate (xyz 0 0 0))
    )
  )

  (module LEDs:LED_D3.0mm (layer F.Cu) (tedit 587A3A7B) (tstamp 5D3925C2)
    (at 114.3 66.04)
    (descr "LED, diameter 3.0mm, 2 pins")
    (tags "LED diameter 3.0mm 2 pins")
    (path /5D39466F)
    (fp_text reference D4 (at 1.27 -2.96) (layer F.SilkS)
      (effects (font (size 1 1) (thickness 0.15)))
    )
    (fp_text value LED (at 1.27 2.96) (layer F.Fab)
      (effects (font (size 1 1) (thickness 0.15)))
    )
    (fp_line (start 3.7 -2.25) (end -1.15 -2.25) (layer F.CrtYd) (width 0.05))
    (fp_line (start 3.7 2.25) (end 3.7 -2.25) (layer F.CrtYd) (width 0.05))
    (fp_line (start -1.15 2.25) (end 3.7 2.25) (layer F.CrtYd) (width 0.05))
    (fp_line (start -1.15 -2.25) (end -1.15 2.25) (layer F.CrtYd) (width 0.05))
    (fp_line (start -0.29 1.08) (end -0.29 1.236) (layer F.SilkS) (width 0.12))
    (fp_line (start -0.29 -1.236) (end -0.29 -1.08) (layer F.SilkS) (width 0.12))
    (fp_line (start -0.23 -1.16619) (end -0.23 1.16619) (layer F.Fab) (width 0.1))
    (fp_circle (center 1.27 0) (end 2.77 0) (layer F.Fab) (width 0.1))
    (fp_arc (start 1.27 0) (end 0.229039 1.08) (angle -87.9) (layer F.SilkS) (width 0.12))
    (fp_arc (start 1.27 0) (end 0.229039 -1.08) (angle 87.9) (layer F.SilkS) (width 0.12))
    (fp_arc (start 1.27 0) (end -0.29 1.235516) (angle -108.8) (layer F.SilkS) (width 0.12))
    (fp_arc (start 1.27 0) (end -0.29 -1.235516) (angle 108.8) (layer F.SilkS) (width 0.12))
    (fp_arc (start 1.27 0) (end -0.23 -1.16619) (angle 284.3) (layer F.Fab) (width 0.1))
    (pad 2 thru_hole circle (at 2.54 0) (size 1.8 1.8) (drill 0.9) (layers *.Cu *.Mask)
      (net 6 "Net-(D4-Pad2)"))
    (pad 1 thru_hole rect (at 0 0) (size 1.8 1.8) (drill 0.9) (layers *.Cu *.Mask)
      (net 2 GND))
    (model ${KISYS3DMOD}/LED_THT.3dshapes/LED_D3.0mm.wrl
      (at (xyz 0 0 0))
      (scale (xyz 1 1 1))
      (rotate (xyz 0 0 0))
    )
  )

  (module LEDs:LED_D3.0mm (layer F.Cu) (tedit 587A3A7B) (tstamp 5D3925D5)
    (at 114.3 72.39)
    (descr "LED, diameter 3.0mm, 2 pins")
    (tags "LED diameter 3.0mm 2 pins")
    (path /5D394B03)
    (fp_text reference D5 (at 1.27 -2.96) (layer F.SilkS)
      (effects (font (size 1 1) (thickness 0.15)))
    )
    (fp_text value LED (at 1.27 2.96) (layer F.Fab)
      (effects (font (size 1 1) (thickness 0.15)))
    )
    (fp_arc (start 1.27 0) (end -0.23 -1.16619) (angle 284.3) (layer F.Fab) (width 0.1))
    (fp_arc (start 1.27 0) (end -0.29 -1.235516) (angle 108.8) (layer F.SilkS) (width 0.12))
    (fp_arc (start 1.27 0) (end -0.29 1.235516) (angle -108.8) (layer F.SilkS) (width 0.12))
    (fp_arc (start 1.27 0) (end 0.229039 -1.08) (angle 87.9) (layer F.SilkS) (width 0.12))
    (fp_arc (start 1.27 0) (end 0.229039 1.08) (angle -87.9) (layer F.SilkS) (width 0.12))
    (fp_circle (center 1.27 0) (end 2.77 0) (layer F.Fab) (width 0.1))
    (fp_line (start -0.23 -1.16619) (end -0.23 1.16619) (layer F.Fab) (width 0.1))
    (fp_line (start -0.29 -1.236) (end -0.29 -1.08) (layer F.SilkS) (width 0.12))
    (fp_line (start -0.29 1.08) (end -0.29 1.236) (layer F.SilkS) (width 0.12))
    (fp_line (start -1.15 -2.25) (end -1.15 2.25) (layer F.CrtYd) (width 0.05))
    (fp_line (start -1.15 2.25) (end 3.7 2.25) (layer F.CrtYd) (width 0.05))
    (fp_line (start 3.7 2.25) (end 3.7 -2.25) (layer F.CrtYd) (width 0.05))
    (fp_line (start 3.7 -2.25) (end -1.15 -2.25) (layer F.CrtYd) (width 0.05))
    (pad 1 thru_hole rect (at 0 0) (size 1.8 1.8) (drill 0.9) (layers *.Cu *.Mask)
      (net 2 GND))
    (pad 2 thru_hole circle (at 2.54 0) (size 1.8 1.8) (drill 0.9) (layers *.Cu *.Mask)
      (net 7 "Net-(D5-Pad2)"))
    (model ${KISYS3DMOD}/LED_THT.3dshapes/LED_D3.0mm.wrl
      (at (xyz 0 0 0))
      (scale (xyz 1 1 1))
      (rotate (xyz 0 0 0))
    )
  )

  (module LEDs:LED_D3.0mm (layer F.Cu) (tedit 587A3A7B) (tstamp 5D3925E8)
    (at 114.3 78.74)
    (descr "LED, diameter 3.0mm, 2 pins")
    (tags "LED diameter 3.0mm 2 pins")
    (path /5D395054)
    (fp_text reference D6 (at 1.27 -2.96) (layer F.SilkS)
      (effects (font (size 1 1) (thickness 0.15)))
    )
    (fp_text value LED (at 1.27 2.96) (layer F.Fab)
      (effects (font (size 1 1) (thickness 0.15)))
    )
    (fp_line (start 3.7 -2.25) (end -1.15 -2.25) (layer F.CrtYd) (width 0.05))
    (fp_line (start 3.7 2.25) (end 3.7 -2.25) (layer F.CrtYd) (width 0.05))
    (fp_line (start -1.15 2.25) (end 3.7 2.25) (layer F.CrtYd) (width 0.05))
    (fp_line (start -1.15 -2.25) (end -1.15 2.25) (layer F.CrtYd) (width 0.05))
    (fp_line (start -0.29 1.08) (end -0.29 1.236) (layer F.SilkS) (width 0.12))
    (fp_line (start -0.29 -1.236) (end -0.29 -1.08) (layer F.SilkS) (width 0.12))
    (fp_line (start -0.23 -1.16619) (end -0.23 1.16619) (layer F.Fab) (width 0.1))
    (fp_circle (center 1.27 0) (end 2.77 0) (layer F.Fab) (width 0.1))
    (fp_arc (start 1.27 0) (end 0.229039 1.08) (angle -87.9) (layer F.SilkS) (width 0.12))
    (fp_arc (start 1.27 0) (end 0.229039 -1.08) (angle 87.9) (layer F.SilkS) (width 0.12))
    (fp_arc (start 1.27 0) (end -0.29 1.235516) (angle -108.8) (layer F.SilkS) (width 0.12))
    (fp_arc (start 1.27 0) (end -0.29 -1.235516) (angle 108.8) (layer F.SilkS) (width 0.12))
    (fp_arc (start 1.27 0) (end -0.23 -1.16619) (angle 284.3) (layer F.Fab) (width 0.1))
    (pad 2 thru_hole circle (at 2.54 0) (size 1.8 1.8) (drill 0.9) (layers *.Cu *.Mask)
      (net 8 "Net-(D6-Pad2)"))
    (pad 1 thru_hole rect (at 0 0) (size 1.8 1.8) (drill 0.9) (layers *.Cu *.Mask)
      (net 2 GND))
    (model ${KISYS3DMOD}/LED_THT.3dshapes/LED_D3.0mm.wrl
      (at (xyz 0 0 0))
      (scale (xyz 1 1 1))
      (rotate (xyz 0 0 0))
    )
  )

  (module LEDs:LED_D3.0mm (layer F.Cu) (tedit 587A3A7B) (tstamp 5D3925FB)
    (at 92.71 66.04)
    (descr "LED, diameter 3.0mm, 2 pins")
    (tags "LED diameter 3.0mm 2 pins")
    (path /5D395C16)
    (fp_text reference D7 (at 1.27 -2.96) (layer F.SilkS)
      (effects (font (size 1 1) (thickness 0.15)))
    )
    (fp_text value LED (at 1.27 2.96) (layer F.Fab)
      (effects (font (size 1 1) (thickness 0.15)))
    )
    (fp_arc (start 1.27 0) (end -0.23 -1.16619) (angle 284.3) (layer F.Fab) (width 0.1))
    (fp_arc (start 1.27 0) (end -0.29 -1.235516) (angle 108.8) (layer F.SilkS) (width 0.12))
    (fp_arc (start 1.27 0) (end -0.29 1.235516) (angle -108.8) (layer F.SilkS) (width 0.12))
    (fp_arc (start 1.27 0) (end 0.229039 -1.08) (angle 87.9) (layer F.SilkS) (width 0.12))
    (fp_arc (start 1.27 0) (end 0.229039 1.08) (angle -87.9) (layer F.SilkS) (width 0.12))
    (fp_circle (center 1.27 0) (end 2.77 0) (layer F.Fab) (width 0.1))
    (fp_line (start -0.23 -1.16619) (end -0.23 1.16619) (layer F.Fab) (width 0.1))
    (fp_line (start -0.29 -1.236) (end -0.29 -1.08) (layer F.SilkS) (width 0.12))
    (fp_line (start -0.29 1.08) (end -0.29 1.236) (layer F.SilkS) (width 0.12))
    (fp_line (start -1.15 -2.25) (end -1.15 2.25) (layer F.CrtYd) (width 0.05))
    (fp_line (start -1.15 2.25) (end 3.7 2.25) (layer F.CrtYd) (width 0.05))
    (fp_line (start 3.7 2.25) (end 3.7 -2.25) (layer F.CrtYd) (width 0.05))
    (fp_line (start 3.7 -2.25) (end -1.15 -2.25) (layer F.CrtYd) (width 0.05))
    (pad 1 thru_hole rect (at 0 0) (size 1.8 1.8) (drill 0.9) (layers *.Cu *.Mask)
      (net 2 GND))
    (pad 2 thru_hole circle (at 2.54 0) (size 1.8 1.8) (drill 0.9) (layers *.Cu *.Mask)
      (net 9 "Net-(D7-Pad2)"))
    (model ${KISYS3DMOD}/LED_THT.3dshapes/LED_D3.0mm.wrl
      (at (xyz 0 0 0))
      (scale (xyz 1 1 1))
      (rotate (xyz 0 0 0))
    )
  )

  (module LEDs:LED_D3.0mm (layer F.Cu) (tedit 587A3A7B) (tstamp 5D392621)
    (at 92.71 78.74)
    (descr "LED, diameter 3.0mm, 2 pins")
    (tags "LED diameter 3.0mm 2 pins")
    (path /5D39658B)
    (fp_text reference D9 (at 1.27 -2.96) (layer F.SilkS)
      (effects (font (size 1 1) (thickness 0.15)))
    )
    (fp_text value LED (at 1.27 2.96) (layer F.Fab)
      (effects (font (size 1 1) (thickness 0.15)))
    )
    (fp_arc (start 1.27 0) (end -0.23 -1.16619) (angle 284.3) (layer F.Fab) (width 0.1))
    (fp_arc (start 1.27 0) (end -0.29 -1.235516) (angle 108.8) (layer F.SilkS) (width 0.12))
    (fp_arc (start 1.27 0) (end -0.29 1.235516) (angle -108.8) (layer F.SilkS) (width 0.12))
    (fp_arc (start 1.27 0) (end 0.229039 -1.08) (angle 87.9) (layer F.SilkS) (width 0.12))
    (fp_arc (start 1.27 0) (end 0.229039 1.08) (angle -87.9) (layer F.SilkS) (width 0.12))
    (fp_circle (center 1.27 0) (end 2.77 0) (layer F.Fab) (width 0.1))
    (fp_line (start -0.23 -1.16619) (end -0.23 1.16619) (layer F.Fab) (width 0.1))
    (fp_line (start -0.29 -1.236) (end -0.29 -1.08) (layer F.SilkS) (width 0.12))
    (fp_line (start -0.29 1.08) (end -0.29 1.236) (layer F.SilkS) (width 0.12))
    (fp_line (start -1.15 -2.25) (end -1.15 2.25) (layer F.CrtYd) (width 0.05))
    (fp_line (start -1.15 2.25) (end 3.7 2.25) (layer F.CrtYd) (width 0.05))
    (fp_line (start 3.7 2.25) (end 3.7 -2.25) (layer F.CrtYd) (width 0.05))
    (fp_line (start 3.7 -2.25) (end -1.15 -2.25) (layer F.CrtYd) (width 0.05))
    (pad 1 thru_hole rect (at 0 0) (size 1.8 1.8) (drill 0.9) (layers *.Cu *.Mask)
      (net 2 GND))
    (pad 2 thru_hole circle (at 2.54 0) (size 1.8 1.8) (drill 0.9) (layers *.Cu *.Mask)
      (net 11 "Net-(D9-Pad2)"))
    (model ${KISYS3DMOD}/LED_THT.3dshapes/LED_D3.0mm.wrl
      (at (xyz 0 0 0))
      (scale (xyz 1 1 1))
      (rotate (xyz 0 0 0))
    )
  )

  (module "Pin Header:PinHeader_2x03_P2.54mm_Vertical" (layer F.Cu) (tedit 59FED5CC) (tstamp 5D39263D)
    (at 148.59 55.88 270)
    (descr "Through hole straight pin header, 2x03, 2.54mm pitch, double rows")
    (tags "Through hole pin header THT 2x03 2.54mm double row")
    (path /5D388445)
    (fp_text reference J1 (at 1.27 -2.33 90) (layer F.SilkS) hide
      (effects (font (size 1 1) (thickness 0.15)))
    )
    (fp_text value AVR-ISP-6 (at 1.27 7.41 90) (layer F.Fab)
      (effects (font (size 1 1) (thickness 0.15)))
    )
    (fp_line (start 0 -1.27) (end 3.81 -1.27) (layer F.Fab) (width 0.1))
    (fp_line (start 3.81 -1.27) (end 3.81 6.35) (layer F.Fab) (width 0.1))
    (fp_line (start 3.81 6.35) (end -1.27 6.35) (layer F.Fab) (width 0.1))
    (fp_line (start -1.27 6.35) (end -1.27 0) (layer F.Fab) (width 0.1))
    (fp_line (start -1.27 0) (end 0 -1.27) (layer F.Fab) (width 0.1))
    (fp_line (start -1.33 6.41) (end 3.87 6.41) (layer F.SilkS) (width 0.12))
    (fp_line (start -1.33 1.27) (end -1.33 6.41) (layer F.SilkS) (width 0.12))
    (fp_line (start 3.87 -1.33) (end 3.87 6.41) (layer F.SilkS) (width 0.12))
    (fp_line (start -1.33 1.27) (end 1.27 1.27) (layer F.SilkS) (width 0.12))
    (fp_line (start 1.27 1.27) (end 1.27 -1.33) (layer F.SilkS) (width 0.12))
    (fp_line (start 1.27 -1.33) (end 3.87 -1.33) (layer F.SilkS) (width 0.12))
    (fp_line (start -1.33 0) (end -1.33 -1.33) (layer F.SilkS) (width 0.12))
    (fp_line (start -1.33 -1.33) (end 0 -1.33) (layer F.SilkS) (width 0.12))
    (fp_line (start -1.8 -1.8) (end -1.8 6.85) (layer F.CrtYd) (width 0.05))
    (fp_line (start -1.8 6.85) (end 4.35 6.85) (layer F.CrtYd) (width 0.05))
    (fp_line (start 4.35 6.85) (end 4.35 -1.8) (layer F.CrtYd) (width 0.05))
    (fp_line (start 4.35 -1.8) (end -1.8 -1.8) (layer F.CrtYd) (width 0.05))
    (fp_text user %R (at 1.27 2.54) (layer F.Fab)
      (effects (font (size 1 1) (thickness 0.15)))
    )
    (pad 1 thru_hole rect (at 0 0 270) (size 1.7 1.7) (drill 1) (layers *.Cu *.Mask)
      (net 12 "Net-(J1-Pad1)"))
    (pad 2 thru_hole oval (at 2.54 0 270) (size 1.7 1.7) (drill 1) (layers *.Cu *.Mask)
      (net 1 VCC))
    (pad 3 thru_hole oval (at 0 2.54 270) (size 1.7 1.7) (drill 1) (layers *.Cu *.Mask)
      (net 13 "Net-(J1-Pad3)"))
    (pad 4 thru_hole oval (at 2.54 2.54 270) (size 1.7 1.7) (drill 1) (layers *.Cu *.Mask)
      (net 14 "Net-(J1-Pad4)"))
    (pad 5 thru_hole oval (at 0 5.08 270) (size 1.7 1.7) (drill 1) (layers *.Cu *.Mask)
      (net 15 "Net-(J1-Pad5)"))
    (pad 6 thru_hole oval (at 2.54 5.08 270) (size 1.7 1.7) (drill 1) (layers *.Cu *.Mask)
      (net 2 GND))
    (model ${KISYS3DMOD}/Connector_PinHeader_2.54mm.3dshapes/PinHeader_2x03_P2.54mm_Vertical.wrl
      (at (xyz 0 0 0))
      (scale (xyz 1 1 1))
      (rotate (xyz 0 0 0))
    )
  )

